1	377 333| 216 894 , | 4546 2257
1	377 333| 216 894 , 26 , | 18 11210 708
1	1121 14917 64412 4 2068| 1142 , | 18 297 1446 7891
1	1121 14917 64412 4 2068| 1142 , | 142 708
1	1121 14917 64412 4 2068| 1142 , | 11541 592
1	1121 14917 64412 4 2068| 1142 , 28 , | 2509 8167 5646
2	24653 438| 216 , 10 , 4870 , 42 , | 56999
2	24653 438| 216 , 10 , 4870 , 42 , 26 , | 18 468 4 24820
2	24653 438| 216 , 10 , 4870 , 42 , 28 , | 153974 1271
4	2097| 1888 , 6 , 4 , 4 , 1314 , | 7 1899 1506
4	2097| 1888 , 6 , 4 , 4 , 1314 , 136 , | 523
4	2097| 4 , | 8605
4	7 5724 875| 4 , 1888 , 4880 1064 , | 830 132 18
4	2097| 1888 , 6 , 4 , | 1757
4	7 5724 875| 4 , 1888 , | 35621
4	2097| 1888 , | 7 20124 1609
4	7 5724 875| 4 , | 89329
4	2097| 4 , 34232 , | 7 101
4	2097| 4 , 9779 , 26 , | 7 12593
4	2097| 4 , 9779 , | 7 3221
4	2097| 1888 , 6 , 4 , | 19 2882
5	1077| 26 , | 18 1761 1791
5	18 469| 1685 , 136 , | 3881 352
5	18 183 184| 4564 , 13 , | 1050
6	8606 8607| 28 , | 830
7	93 4 18 222| 4476 , | 18 469
7	18 1409 4038| 28 , | 1874 15671
8	7 55625| 10 1344 , 42 , 10559 , | 2426
8	7 55625| 10 1344 , 42 , 10559 , 149 , | 153976 388
8	7 55625| 10 1344 , 42 , 10559 , | 142 709
8	7 55625| 10 1344 , 26 , | 262 1597
8	7 55625| 2803 , 26 , | 2125
8	18 975| 4 , | 2565 1432
8	7 55625| 2803 , | 7427 7428 470
8	7 55625| 2803 , | 6447 1543
8	7 55625| 2803 , 26 , | 18 14092 4 1597
9	211| 28 , | 710 23455 4220 26 6128
9	211| 26 , | 4801 14236
9	211| 4 , | 18 17490 14962 293
10	29021| 586 , 10 1641 , 338 , | 1663
10	29021| 192 , | 4252 6879
10	29021| 192 , | 104
10	18 706 3083 6897| 10 , 1114 , | 524 26 4917 515
10	18 706 3083 6897| 10 , 1114 , | 29021
10	29021| 136 , | 7 4579
10	29021| 192 , 6 , | 6036 4 500
11	473 132 509| 951 , | 18 183 184
11	653 363| 42 , | 727 42 1050
11	473 132 509| 4 , | 12768 960
11	473 132 509| | 7 26018
12	1098| 26 , | 14186
12	1098| 28 , | 18 204 4 5971
12	1098| 4 , | 24238
13	427 404 586| 606 , | 5076
13	427 404 586| 606 , 149 , | 4255 670 3394 49 9226
13	427 404 586| 606 , 13 , | 4275 3163
13	3089 5182| 26 , | 256
13	12793| 26 , | 427 404 586
13	427 404 586| 606 , 149 , | 18 183 184
13	427 404 586| 606 , 26 , | 55 74
14	7 968 154 7471 2853| 610 , | 1570
14	7 968 154 7471 2853| 4 , | 16643
14	7 968 154 7471 2853| 610 , | 808
14	7 968 154 7471 2853| 610 , 149 , | 1870
14	7 968 154 7471 2853| 610 , | 256
15	3003| 610 , 26 , | 1675
15	3003| 610 , | 8223 26 904 1597
15	3003| 610 , | 6890 13216
15	3003| 610 , | 808
15	3003| 610 , 26 , | 31617 201
15	3003| 610 , 149 , | 7367
16	4170 153977 4 18 183 184| 4 , | 586 2544
17	18 297 4 2345| 26 , | 256
17	142 15859 355| 10 , 42 , 10 , 407 , 49 , | 18 297 4 2345
17	404 10 661| 10 , 407 , 231 , | 1328 143 4 1850
17	142 15859 355| 10 , 42 , | 404 10 661
18	154 1883 4 18 2518 228 123| 10 2421 156 , | 2 4 315
18	154 1883 4 18 2518 228 123| 10 , | 2476 1341
19	18 516| 12 , 13 , | 7 143 141
20	18 2318| 21966 , 121 , 6 , | 1872 42 1870
20	18 2318| 21966 , | 7 5094 3037 2295
20	18 2318| 21966 , 4 , | 466
20	5719| 10 3252 , 566 , | 18 376
20	5719| 10 3252 , 6 , | 1755
20	5719| 10 3252 , 42 , 26 , | 122 658
20	18 2318| 21966 , | 11473 481
21	1165 85023| 216 894 26 , 26 , 136 , 4 , | 18 7133 2816 275
21	9369| 331 , 136 , | 18 1358 4 7 298 442
21	9369| 331 , | 779 4028
21	7008| 894 , | 23439 11782 85023
21	1165 85023| 216 894 , | 9369
21	7008| 894 , | 1165 85023
21	1165 85023| 216 894 26 , | 18 36308 298 3117
22	10 390 4 7 2421| | 18 512 4 18 465 948
22	10 390 4 7 2421| | 727
22	10 390 4 7 2421| 26 , | 462
22	253| 2543 2 , | 18 972 973 154 1425 38086
23	33988 26 16966| | 390 4 338
23	33988 26 16966| 26 , | 1936 1872
23	33988 26 16966| 4 , 26 , | 15661
23	3332 26 77525| 4 , | 315
24	3393| 2117 , 427 , 10 , | 3885 1064 1755
24	3393| 2117 , 427 , 10 , 132 , | 122 565
24	3393| 2117 , 427 , 10 , 19263 13 , | 4600
24	3393| 2117 , 132 , | 101 2
25	3394| 26 , | 4922
25	153981| 216 606 , | 53828 163
25	153981| 216 606 , 26 , | 104 1969
25	153981| 216 606 , 951 , | 4255 670 3394
25	153981| 216 606 , | 14683
26	8312| 3939 , 649 , | 2572 349
26	8312| 26 , | 5353
27	11478 11479| 26 , 2869 , 26 , | 18 250 3012
27	3901 584| 8007 , | 11478 11479
27	253| 532 , 26 , 7601 , | 3901
27	253| 532 , 26 , 7601 , | 1454 217 7293
27	22097 1847| 136 , | 18 5325 37
27	11478 11479| 26 , 2869 , | 3901 154 131 26 18 183 184
27	3901 584| 8007 , | 22097 1847
27	22097 1847| 149 , | 570
27	3901 584| 8007 , 643 , 13 , | 55276 2054
27	3901 584| 8007 , | 28365
28	1409 1435| 136 , 1866 , | 153982 153983 49 2037
28	1409 1435| 136 , 1866 , | 1497 3879
29	776 4 4534| 216 420 286 , 363 , 231 , 10 2636 4 , 482 149 1090 286 , 42 , 243 , 26 , | 384
29	776 4 4534| 216 420 286 , 363 , 231 , 10 2636 4 , 482 149 1090 286 , 4 , | 18 5553 25688
29	776 4 4534| 216 420 286 26 , | 3594 830
29	776 4 4534| 216 420 286 26 , | 3102 42 18 183 184
29	1630 333| 10 1553 132 , | 2565 1555
29	776 4 4534| 216 420 286 , 363 , 231 , 10 2636 4 , 482 149 1090 286 , | 14769 423
30	15710| 1539 , 26 , | 25517
31	16832| 136 , | 12889
31	16832| 4 , | 272 108759 592
33	45063 153988| 1173 , | 128211 4931
33	153987| 26 , | 15807
34	751 15833| 26 , | 153989
35	151 738| 1688 , 28 , | 18 925 376
35	151 738| 1688 , 1422 , | 18 3157 7843
35	151 738| 1688 , 26 , | 2097
35	151 738| 1688 , 49 , 1422 , | 18 737
37	1328 1850 2383 3189| 1551 3762 , 714 , 951 , | 6614 21
37	2442 153990| 405 , | 1050
37	1050| 42 , 557 , | 808
37	2442 153990| 405 , 149 , | 142 1920
41	16062| 1411 , 93 , 6099 , | 114264
41	10558| 325 , | 2211 10866
41	10558| 325 , | 16062
41	10558| 325 , 4 , | 18 1187 2570 2278
41	16062| 4 , | 26411 26410 6306 940 4148
42	7 900 4 35256 2712| 1524 , | 18 303 17094
43	18 2698 4 18 22804 2278| 176 , | 402 143
45	153993| 1144 , | 93 378 4 18
45	7150| 2629 , | 4511
45	3331 128652 14356| | 18 565 2699
46	1755| 1683 , 136 , | 960
46	7809| 216 , 17681 , | 18 2319
46	7809| 216 , 17681 , 49 , | 1270
46	7809| 216 , 17681 , | 1786 26 58417
46	1755| 1683 , 35 , | 390 4 7 12006 755
47	153994| 856 , 149 , | 7 4153
47	404 10 1169| 49 , 18 , 815 , 10102 , | 3173 708 795
47	3173 708 795| 6 , | 13964 4 2037
47	469| 827 149 829 , | 57176
47	469| 827 149 829 , | 1512 26881
48	18 469| 910 , 4 , 2361 , 26 , | 153995
48	18 469| 910 , | 4967
48	18 469| 910 , 4 , 2361 , 26 , | 2017
48	18 469| 26 , | 18 297 4 153995
48	18 469| 910 , 149 1318 136 , | 18 10559
48	18 469| 910 , 4 , 2361 , | 2581
48	18 469| 910 , 4 , 2361 , 49 , | 957 1497
49	18 222 216| 363 , | 153997 26 23150
49	18 222 216| 363 , | 153996 26 8820
51	1690 135555| 4 , | 13481 15615
52	3910 4124| 26 , | 2298 256
52	44577| | 3910 4124
52	7 154000 7656 7208| 1020 , | 44577
52	176 7 1226| 2604 , 26 , | 11041
52	176 7 1226| 258 , | 18 28722 4 11042
52	176 7 1226| 5321 , | 13303
53	18 5472| 1326 , 28 , 18 , | 25127
53	18 5472| 1326 , | 1786 49 1755
54	1082 4 245 9801| 26 , | 960 1359
54	4132| 149 , 14782 , 136 , | 1082 4 245 9801
54	1145 11825 412| 1641 , | 2270 154003
54	1145 11825 412| 1641 , | 4132
54	4132| 4 , | 5311 1721
54	4132| 149 , 14782 , | 18 77 11892
56	154009| 26 , | 3699
56	639| 5935 , 26 , | 61040
56	639| 5935 , 136 , | 204
56	639| 5935 , | 8277 933
57	7427 7428| 10 , 4366 , 1262 , 483 , | 1755
57	7427 7428| 10 , 4366 , 1262 , 26 , | 6447 1078
58	17429| 4 , | 47722
58	253| 10 , 2193 , | 1291 6927 1583 11209
58	253| 10 2193 6 , | 4013
58	19291 11209| 4 , | 4317
58	1291 6927 1583 11209| 4 , | 27180 409
59	7 6507 228 720| 132 , | 3212 2438 26 848
59	7 6507 228 720| 4 , | 225
59	18 2692 10| | 7 6507 228 720
59	18 2692 10| 28 , | 3212 381
62	3087 745| 10 , 42 , 1481 , | 1919 1790
62	3087 745| 557 , | 23820
63	245 1763| 42 , 347 , 149 , | 18 904 1773
63	245 1763| 42 , 347 , 13 , | 1755
63	245 1763| | 1761 6626
63	245 1763| | 18 3885 2117
63	245 1763| 49 , | 1786
63	245 1763| 42 , 347 , 1364 , | 7 145 3877
64	338 609| 1880 , 338 , 434 , | 18 3056
64	470| 26 , 4 , 606 , 609 , 258 , 1422 , 49 , 132 , | 338 609
64	470| 26 , | 18 261 4 19516
65	2017| 132 , | 18 5524
65	2017| 136 , | 7 826 875
66	9373 57085| 26 , | 16153 1589
66	667 488| 7613 , | 12842 3660 26 1870
66	667 488| 7613 , | 224 658
67	384| 12610 , 28 , | 18 22460 4919
67	7 4434| 49 , | 154012
68	3471| 1993 , 149 , 8871 , 776 , 42 , 26 , | 3704 335
69	1510 954 18616| 694 , 2595 , 136 , | 18 1805 3590
70	253 586 1102| 1102 , | 1665 1763
70	253 586 1102| 1102 , 13 , | 615 4 18 1761 1776
70	245 2988| | 253
70	245 2988| | 303 1666
70	303 1666| 6 , 1770 , 362 , | 253 586 1102
70	3992| 362 , 13 , | 3480 12028 4212
71	1772| 427 , 216 121 149 , | 7343 154014
71	1755| 6268 , 216 , 17282 , | 7 5432
71	1755| 6268 , 216 , 17282 , | 1786
71	1755| 6268 , | 2456 2139
72	154015| 28 , | 39818 6189 54032 26 315
72	18 885 4 2456| 10 , 1306 , | 18 1428
72	18 885 4 2456| 10 , 1306 , 951 , | 4450
72	18 885 4 2456| 10 1306 149 , | 18 8703
72	18 885 4 2456| 10 , 1306 , 4 , | 18 3083 716
72	18 885 4 2456| 10 , 1306 , | 402 709
72	18 885 4 2456| 10 , 1306 , 231 , | 7 23970 10704
73	253| 869 649 , 42 , 26 , | 1872 42 2037
73	253| 869 649 , 42 , | 9337 1744
73	253| 869 649 , 42 , | 154016
73	253| 869 649 , 42 , 4 , | 33943
73	253| | 2017
73	253| 2908 , | 343 963
73	253| 2908 , 4 , | 13696
73	253| 869 649 , 42 , | 7 816 3479
74	14709 12462 2123| 4 , | 20687
74	12707 109572| 4 , | 3378
74	6180 19778| 4 , | 4384 531
75	2120 154 706 1726| 5509 814 , 719 , 136 , 4 , | 18 297 3981
75	2120 154 706 1726| 5509 814 , 719 , 136 , | 253
75	2120 154 706 1726| 5509 814 , 719 , 136 , 136 , | 14159
76	1872| 405 112 , 13 , | 18 6297
77	1769 6764| 26 , | 3844
77	1769 6764| 3127 , | 122 3253
77	1769 6764| 49 , | 122980
77	367 4 4349| 719 , 132 , | 1664 2987 1283 2988
77	367 4 4349| 719 , 149 , 15628 , 887 , 149 , | 1769 6764
77	1769 6764| 132 , | 9751
77	1769 6764| 4 , | 18 6875 3710
78	1328 449| 3246 , 132 , 775 , 4 , | 11968 154017
78	10 830| 149 , | 142 836
78	1328 449| 3246 , 132 , 775 , 26 , | 256
78	18 1164 1603| 1465 , 28 , 26 , | 62747 297
79	253 3713| 26 , | 2037
79	404| 5980 , | 253 3713
79	404| 5980 , | 18 14623 347
80	19175| 10 , 93 , 302 , 42 , 18 , 1841 , 10 510 , 1481 , | 18 1298
80	19175| 10 , 93 , 302 , 26 , | 3711
80	19175| 10 , 93 , 1109 , 26 , | 2426
80	19175| 10 93 4 , 258 , | 5293
81	60459 28005 226| 132 , | 28489 2571 26 1870
81	60459 28005 226| 28 , | 154019 4548
81	553 554| 28 , | 60459 28005 226
82	108| 26 , | 7608
82	779| 247 , | 108
82	779| 247 , 26 , | 3179
83	1050| 10 , 10 1216 136 , | 1047 1048
83	1050| 10 , 10 1216 136 , | 187 154 20 1045 1046
83	1050| 10 10 1216 6 , | 18 183 1054
84	18 297| 10 , 58927 , 149 , 325 , 874 , 13634 , | 1328 4 122
84	18 297| 10 , 58927 , 149 , 325 , 874 , 4 , | 4382 104
84	18 297| 10 , 58927 , | 18 293
85	7 14232 260| 28 , | 1971 1972 1271 26 6686
85	7 14232 260| 26 , | 3359 8620
87	852 267 4 18| 2335 869 , 26 , | 7 5711 299
87	852 267 4 18| 149 , | 4474 217
87	852 267 4 18| 49 , | 4931
87	18 6631 1151 4 3483 9930| 5085 , 2 , | 852 267 4 18
87	852 267 4 18| 2335 869 , 10 , 14579 , 6 , | 7 3423 7554
87	4931| | 5433 7554
87	4931| 26 , | 1777
87	4931| 149 , | 7 7714 1252
87	4931| 5811 , | 3589 3234
88	28097 2429| 49 , 10 1264 28 , 929 , 26 , | 18 275 427
88	28097 2429| 10 1264 28 , | 7 995 756
88	28097 2429| 49 , | 2299 42 462
89	404| 149 , | 3784 1144
89	1346 261| 13 , 6878 , 6 , 1144 , | 252 26 1072
89	1346 261| 13 , 6878 , | 18 469
90	11164 455 4069 4 5971| 606 , 2027 , | 402 709
90	11164 455 4069 4 5971| 606 , 2027 , | 696 2067 2010 4 2068
90	11164 455 4069 4 5971| 606 , | 55 402 143
90	11164 455 4069 4 5971| 606 , | 18 5950
91	7 4555 4 3236 3687| 2348 , | 154027 1555
91	7 4555 4 3236 3687| 2348 , 26 , | 403
91	7 4555 4 3236 3687| 2348 , 35 , | 18 224 3189 4815
91	10 28 18 900 4 7 3236 828| 10 , | 7 9270
92	3117| | 592
93	253| 10 , 2193 , | 5053
93	253| 10 2193 6 , | 4013
94	18 7897 4 18 183 1054| 247 , 1 , | 2660 8137 4 1872
94	12461| 285 , 216 144 , | 18 7897 4 18 183 1054
94	18 7897 4 18 183 1054| 247 , 1 , 13 , | 5679
94	18 7897 4 18 183 1054| 247 , 1 , 4 , | 18 183 184 6622 4233
94	18 7897 4 18 183 1054| 247 , 1 , | 154029 4 1423
96	7 900| | 653 42 742 966
96	7 900| 136 , | 2565
96	18 1199 1078| 26 , | 26658
96	18 468| 10 , 26 , | 147 156 7 403
96	653 2 8632| 10 , 144 , | 7 900
96	18 468| 2027 , | 6603
98	7649 875| 132 , | 154033 151029
99	18 11327| 10 , 1102 , | 9735 9736
99	18 11327| 10 1102 6 , | 1755 154 1904 1045 1046
100	154036| 26 , | 151 6527
100	121093| 4 , | 874 390
101	977 1920| 216 , 694 , 17929 , | 338 3217
102	211| 4564 , 132 , | 3321
102	253 1652| 136 , | 8384
102	211| 4564 , | 7 4852 2518 23737
102	211| 4 , | 18 6379 900
102	211| 28 , | 18 204 4 2215 1874
103	245 15049| 216 , 16334 , | 18 22790
103	977 20 445| 10 , 873 , 258 , | 18 565
104	553 554 429| 1347 , 14 , 869 , 1064 , | 18 109 8730
104	2017 515| 2486 , 3127 , | 553 554 429
104	2017 515| 2486 , | 12759
104	2017 515| 2486 , 557 , | 7 772 24556
105	13739| 112 , | 27 1163
105	25142 717| | 9630
105	25142 717| | 36833
105	25142 717| 49 , | 7531 92043
107	7 1098 4 24568| | 392
107	2055| 10 2464 , 42 , 2486 , | 7 1098 4 24568
107	2765 1482| 1448 , 149 , | 2765 438
107	2055| 10 2464 , 42 , 2486 , 25 , 4 , | 54518
108	1132 5584| 35 , 532 , 49 , | 506 20879
108	7594| 176 , 435 , 35 , 149 , | 122 2170
108	1132 5584| 49 , | 2017
108	7594| 176 , 435 , | 1132 5584
110	3986 2050| 10 , 3239 286 , 26 , | 1459 516
110	108 42 2037| 26 , | 2746
110	3986 2050| 10 , 3239 286 , 401 , | 33093
110	18 15318 4 419 9499 13090| 10 , 10871 , 26 , | 3102
112	1755| 554 , 6 , | 26425 481
112	1755| 554 , | 2836 6445
113	245 34260| 2703 , 237 , | 7 10840
113	245 34260| 2703 , 4 , | 7343 4831 682
113	245 34260| 2703 , | 4111
114	1395| 149 337 , 132 , | 727
114	465 470 216| 10 , | 7 1804 10487
115	245 37158| 216 , 14519 , 149 144 , | 7 3083 1944
115	245 37158| 216 , 14519 , 49 , | 18 615 154 1040
115	7 3083 1944| 136 , | 1346 1040
115	7949 154 615| 175 , 1540 , | 1911 615
116	245 972 216| 30386 , 363 , 42 , 363 , | 5726 5727
116	93 713| 2 , 216 , 30386 , 363 , 42 , | 1755
116	93 713| 8216 , | 808
116	93 713| | 1259 1663
116	93 713| 679 , | 18 377 143
116	245 972 216| 30386 , | 253
118	1328 449| 3246 , 132 , 775 , 4 , | 11968 154017
118	10 830| 149 , | 142 836
118	1328 449| 3246 , 132 , 775 , 26 , | 256
118	18 1164 1603| 1465 , 28 , 26 , | 62747 297
119	18 343 1040| 132 , | 458
119	18 343 1040| | 14637
119	7 1862| 716 , 483 , | 18 960
120	808| 331 , | 4318
120	808| 331 , 28 , | 10523 204 26 4317
120	808| 331 , 4 , | 4976
121	18 30| 10 , 1386 , 3933 675 , 132 , | 18 875
121	18 30| 10 , 1386 , 3933 675 , 156 , 136 , | 18 5138 4 9735 9736 4 1755
121	18 30| 10 , 1386 , 3933 675 136 , | 5315
121	18 30| 10 , 1386 , 3933 675 , 4 , | 2442 12893
121	18 30| 10 , 1386 , 3933 675 , | 14369
121	18 30| 10 , 1386 , 3933 675 , | 9996 12898
122	8874| 331 , | 31994
122	8874| 331 , 4 , | 129848
122	8874| 331 , 35 , | 18 3535
123	7 12698 5735 5584| 49 , | 13643
123	3534| 869 , | 7 12698 5735 5584
123	3534| 869 , 149 , | 154040
124	18 8015| 1262 , 2027 , 1162 , | 6828 5839 11982
124	18 8015| 1262 , 2027 , 557 , | 159 116 4227
124	18 8015| 1262 , 149 , | 3971 470
124	18 8015| 1262 , | 1516 11826
124	18 8015| 136 , 1795 , 28 , | 142 250 1139 4 18 716
124	18 8015| 136 , 1795 , | 1492 1531
124	18 8015| 1262 , | 2404 1086
124	18 8015| 1262 , 2027 , 6 , | 543 719
124	18 8015| 1262 , 2027 , | 808
124	18 8015| 1262 , 2027 , | 17932
124	18 8015| 1262 , 2027 , | 808
124	18 8015| 1262 , 2027 , 49 , | 3210
125	751 93| 34 , 149 , 10 1987 258 , | 7 63753
125	3419 127| 4 , | 26414 2277
125	751 93| 132 , | 509 321
125	751 93| 28 , | 7 20026
126	598| 1685 , | 18 42745 2699
126	598| 136 , | 16357
127	598| 216 10 1445 , 26 , | 217 1151
127	598| 216 10 1445 , | 3898
127	598| 216 10 1445 , | 39605
127	598| 643 , 13 , | 7 488
127	598| 4 , | 23281
127	598| | 217 5432 3687
127	598| 216 10 1445 , | 18 12300 4 5711
130	245 67019| 13 , | 7 627 3956
130	245 67019| 4 , 216 , 7601 , 679 , | 1755 154 960
130	245 67019| 4 , 216 , 7601 , | 7 6445
131	2887 154041| 885 , | 253
131	2887 154041| 993 , | 9221
131	2887 154041| 993 , 149 1354 2 , 10 , 2054 , | 270 149 7 2635
131	18 1942 4 1252| 136 , | 18 2056
131	18 1942 4 1252| 4 , | 125772
132	18 1045 1046| 10 3971 , | 1996 143 795
132	18 1045 1046| 10 3971 , 35 , | 7 423 4 4349 49 154042
132	245 1765| 247 , | 253
132	245 1765| 247 , 35 , | 7 2346
132	245 1765| 247 , | 18 1045 1046
132	18 1045 1046| 10 3971 , 136 , | 18 224 1341
133	253| 19697 , 362 253 144 , | 7 4136 5842
133	253| 19697 , 149 , | 8695
133	14614| 2193 , | 17110 1329
134	7 154045 7932 1255| 26 , | 315
134	7 154045 7932 1255| 49 , | 18 17556 5847 56732
135	5394| 586 , | 18 470 427
135	14249| 323 , 2759 , | 1872
135	5394| 586 , | 7 2712 854
135	5394| 586 , 4 , | 18 23532
135	5394| 586 , | 18 76560 4406
135	14249| 323 , 2759 , 26 , | 23530
136	4916 2592 9933| 216 792 , 35 , | 7 943
136	4916 2592 9933| 4 , | 24353
136	4916 2592 9933| | 61865 26 848
136	4916 2592 9933| 216 792 , | 18 151 152 125 4 9577 33365
136	4916 2592 9933| 216 792 , | 11989
138	9570 9830| 7 , 26 , | 7 12227
138	9570 9830| 4 , | 9011
139	18 2239 154 9625 7629| 2405 , | 7 3478
139	18 2239 154 9625 7629| 1539 25 , | 145 9448 6578 9625
141	710 3268 972| 300 , 26 , | 151 1289
141	710 3268 972| 300 , 132 , | 62 91
141	18 224 6745| 132 , | 3083 547
142	18 2107 4220| 6811 , 15377 , 27840 , 42 , 6613 , 4 , 2186 , 13 , | 727
142	18 2107 4220| 6811 , 15377 , 27840 , 42 , 6613 , 4 , 2186 , | 7722
142	18 2107 4220| 6811 , 15377 , 27840 , 42 , 6613 , | 18 10828
142	18 2107 4220| 6811 , 15377 , 27840 , 13 , | 1050
142	18 2107 4220| 6811 , | 7 2359 4 3352
142	18 2107 4220| 6811 , 4 , | 7 9497 8015
142	18 2107 4220| 6811 , 15377 , 136 , | 18 816 341
142	18 2107 4220| 6811 , 15377 , 27840 , | 122 3703
143	45 10 1539| | 523
143	45 10 1539| | 253
143	245 7773| 1325 , 10 , 1683 , | 45 10 1539
143	245 7773| 1325 , 10 1683 35 , | 7 1036
144	7 2233 1362| 26 , | 2298 2037
144	7 576 1892| 4 , | 9519
144	1259 10 18 1305| 13 , | 70645
145	6627 18246| 4 , | 1328 465 2773 5842
145	775 15871| 4 , | 6627 18246
146	877 5135 5136 4 5137| 993 , | 18 11900
146	877 5135 5136 4 5137| 993 , | 55 524
146	877 5135 5136 4 5137| 993 , | 1674 1086
147	8075| 4 , | 954 50899 4 7273
147	3623| 4 , | 2697
147	11786| 4 , | 4688
148	499 18 183 184| 433 , 42 , 1244 , 17338 , 136 , | 18 1580
148	499 18 183 184| 433 , 42 , 1244 , 17338 , | 7 47502
148	30465| 5552 , 136 , | 2438
148	30465| 5552 , | 499 18 183 184
148	499 18 183 184| 433 , | 817 820 809
148	499 18 183 184| 433 , | 2572 349
149	348| 440 , 557 , 26 , 132 , | 253 945
149	598 216 1184| 2030 , 132 , | 917
149	245 7210 154050| | 2572 349 136 70786
149	598 216 1184| 2030 , | 49911
149	348| 440 , 557 , | 581
149	348| 440 , 26 , | 18 6875 3710
151	245 35547| 247 , 10 , 5905 , 6 , | 35621
151	245 35547| 247 , 4 , | 6459 4572 2770
151	245 35547| 247 , | 18 1046
151	245 35547| 247 , | 6772
151	245 35547| 247 , | 253
151	245 35547| 247 , 4 , | 18 154052 516
151	245 35547| 247 , 132 , | 164 26 8605
151	245 35547| 247 , 362 253 1102 13 , | 696 11594 11595 7665
152	18 31983| 10 2348 26 , | 3102
152	18 31983| 10 , 2348 , 4 , | 18 204 4 3867
152	18 31983| 10 , 2348 , | 612 3268 8266
152	18 31983| 10 , 2348 , | 44474 44475 26 1870
152	18 31983| 1551 , | 7 794 795
152	18 31983| 10 2348 26 , | 7630 4 45956 154053
152	18 31983| 10 2348 6 , | 3346 154054
152	18 31983| 10 , 2348 , 4 , | 204 4 12306
154	1077| 804 , 719 , 26 , | 18 1729 4 8571 1664 8572 8619
154	1077| 804 , 719 , | 1594 9032
154	464| 13 , | 1664 5726 5727
154	2107 4220 26 2578| | 6489 4 18 4220
154	2107 4220 26 2578| | 7762 11740
154	7762 11740| 136 , 201 , | 1050 154 468
154	7762 11740| 136 , 201 , 42 , | 464
155	33504 448| 5179 , 258 , | 639
155	18 6616| 26 , | 1759
155	33504 448| 5179 , 149 , | 80254
156	108| 1264 , 42 , | 1091 708
156	108| 1264 , 42 , 149 , | 18 3821 4 18 421 4 569
156	673| 1070 , | 18 58813
156	673| 4 , | 56302 1159
156	108| 1264 , | 5730 4 18 3813 3710
156	108| 1264 , 42 , | 586 532 9070
157	151 152 515 154 2477| 1155 , | 408 409
157	151 152 515 154 2477| 1155 , | 957 2667
157	151 152 515 154 2477| 1155 , 13 , | 7 1930 11811 4 1850
157	151 152 515 154 2477| 1155 , | 2527
157	151 152 515 154 2477| 1155 , 26 , | 335
158	427 18 222| 10 661 347 , 132 , | 9530
159	27772| 49 , | 7273 4046
159	7855| 4 , | 138981
159	8158 111460| 874 , 4 , | 2969 3774
159	138981| | 104612 50885
159	14709| 216 1866 , | 3774
159	14709| 216 1866 , 49 1391 , 557 , | 860 65276
159	8158 111460| 874 , | 253
159	7855| 49 , | 742 4197
161	18 224 478 5525| 149 , 216 4746 , 49 , | 9491 670
161	18 224 478 5525| 149 , 216 4746 , | 9491 2002 3130
161	18 224 478 5525| 26 , | 18 1920
162	384| 557 , 887 , 26 , | 7 18364
162	22849 15674| 756 , | 384
162	384| 557 , 26 , | 18 7006
162	18 4362 1136| 4 , | 69032
163	18 50367| 434 429 176 , | 11062
164	2495 278 4 1974 8798| 136 , | 2442 105346
164	2495 278 4 1974 8798| | 253 1685
165	2718 4615 4 2746| 201 , | 7 17963 293
165	2718 4615 4 2746| 201 , 13 , | 22300 42 21855
165	2718 4615 4 2746| 201 , | 12053
165	2718 4615 4 2746| 201 , | 13643
165	2718 4615 4 2746| | 2017
165	2718 4615 4 2746| 136 , | 18 224 1341
165	2718 4615 4 2746| 26 , | 310 143
165	2718 4615 4 2746| 201 , | 2017 515
166	335| 28 , | 154061 4220 26 4384
166	7 20867 8 1853| 4 , | 18 8352
166	253| 216 2882 , 26 , 18 , 231 , | 250 221 1445
166	7 20867 8 1853| 4 , | 13243 26387
166	335| 13 , | 14744 57196
167	808| 4 , | 183 13800 2770 26 8605
168	93 4 18 4718 4 120176| 26 , | 18 222
168	93 4 18 4718 4 120176| | 7107 3389 540
168	93 4 18 4718 4 120176| 557 , | 5094 35865
168	93 4 18 4718 4 120176| 557 , | 16729
168	93 4 18 4718 4 120176| | 28637 16729
169	4217| 499 , 136 , | 6757 11520
169	4217| 499 , 26 , | 2361
169	18 3406 9364 5525| 26 , | 7273 231 30463
169	4217| 499 , | 18 5525
169	18 3406 9364 5525| 216 , | 7 9364
169	4217| 499 , | 20154 717
170	7 37887| 136 , | 8684 1495
170	7 37887| | 5374
170	7 37887| 149 , | 449 1920
170	7 37887| 1481 , | 449 1482
170	7 37887| | 3704 5585
170	7 37887| 4 , | 24486 5379
172	2140 1150| 2018 , | 384
172	2140 1150| 2018 , 28 , | 57 2980 154 11608 2770 26 5803
172	2140 1150| 2018 , 132 , | 392 91
173	45 10 2516| 26 , | 18 376 1362
173	45 10 2516| 149 , | 10811
173	45 10 2516| | 1050 154
173	7 23723 4 51649| 10 , 7928 , 192 , 13478 , | 45 10 2516
173	1050| 10 121 6 , | 39604
173	7 23723 4 51649| 10 , 7928 , 192 , | 7424 2
173	7 23723 4 51649| 10 , 7928 , 13 , | 727
173	7 23723 4 51649| 10 , 7928 , 26 , | 18 1363 4 10811
174	7 58078 4406| 586 , 4 , 149 , | 18 222 427
174	7756 267| | 2037
174	7756 267| 586 869 , | 374 267
174	7756 267| | 2746
175	7 1267 260| 26 , | 1111
175	7 1267 260| 28 , | 8206 1755 8207 1973 86
176	1772| 894 , | 7 145 3877
176	1772| 894 , 26 , | 41523 4821
176	1786| 1167 , 28 , | 1772
176	1786| 4907 , 132 , | 509
176	1755| 571 , | 7 419 1608 4 9287
176	1755| 571 , | 1786
176	1786| 4907 , | 3040
176	1786| 4907 , 13 , | 3024
178	3173 3217| 10 , 41691 , | 62693 779
178	3173 3217| 26 , | 775 658
178	43126| 10 , 21927 , 4 , | 1698 23378
178	43126| 10 , 21927 , 26 , | 2097
178	18 581| | 2 60429
178	18 581| | 3173 3217
179	713 4 1021| 132 , | 5034
179	713 4 1021| | 18 1837 10810
180	12440| 28 , | 75571 41232 26 2572 4089
180	18 101| 586 10 1144 , | 12440
180	18 101| 586 10 1144 , 26 , | 1149
181	18 222 154 2568 592| 586 216 , 13 , 42 , | 4357
181	18 222 154 2568 592| 586 216 , | 122 8307
181	4357| 9021 , 49 , | 8627
181	449 145 2568| 325 , | 154066
182	7 52321 154067 4 18 904| 49 , | 727 42 742 349
182	7 52321 154067 4 18 904| | 1676
182	404| 1062 1738 26 , | 7 52321 154067 4 18 904
183	7 18110 6144 367| 951 , | 18 261 4 37133
183	18 342 216| 3939 , 3216 , 42 , 2860 , | 35430 154069
184	26062 30989| 586 10 1264 28 , | 18 756 4 1269 27726 26 12125
184	26062 30989| 26 , | 4577
184	253| 216 606 , | 26062 30989
185	7 1405| 2740 , | 2456 1718
185	7 1405| 2740 , | 253
185	3021 3022| 1173 , 42 , | 7 1405
185	3021 3022| 1173 , | 253
186	45 10 1206| 4128 , 149 , | 7910
186	10215| 26 , | 3303 11113
186	45 10 1206| 4128 , 49 , | 6820 154 1003 4124
187	775 1087| 1114 , 3786 , | 18 2651
187	18 1595 1086| 1321 , 338 , | 404 1062 10
188	3491 1834| 149 , 93 , 2 , 1144 , | 134492 34601
188	3491 1834| 149 , 93 , 2 , 1144 , 4 , | 154071
188	3491 1834| 149 , 93 , 2 , 1144 , | 18 550
188	4420 69576| 3689 , 26 , 42 , 49 , | 3491 1834
188	3491 1834| 149 , 93 , 2 , 1144 , | 18 6632 4 3234
188	7 1098 4 9636| 28 , | 6646
188	18 615 4 18| 427 , 26 , | 7 2635 885
188	18 615 4 18| 885 , 6 , | 6646
188	4420 69576| 3689 , | 9636
189	3769| 149 , | 10 1410
189	3769| 132 , | 7 6146
189	2940 163 586 10 1264| 26 , | 24502
190	129 4 18| 4 , | 18 77 8570 4187
191	7 20 35453| 28 , | 154074 26 348
192	1302| 10 , 2464 , 1 , 483 , | 727
193	5271| 433 , | 142 143
193	7779 63552| 49 , | 39415
193	7779 63552| | 5271
193	5271| 433 , | 808
193	5271| 433 , | 1069 4957 605
194	427 338 755| 660 , 338 , 5861 , 132 , 3428 , 285 , 10 , 1371 , | 7 1400 516
194	427 338 755| 660 , 338 , 5861 , 132 , 3428 , | 874 4 151 152 515
194	427 338 755| 660 , 338 , 5861 , 132 , 3428 , | 269
194	427 338 755| 660 , 338 , 5861 , 132 , 3428 , | 930
194	427 338 755| | 7 4961
194	427 338 755| 136 , | 1934 1384
194	427 338 755| 660 , 338 , 5861 , 132 , 3428 , 26 , | 151 152 500
194	427 338 755| 660 , 338 , 5861 , 132 , 3428 , | 2097
195	10794 1457| 894 , | 1872
195	10794 1457| 894 , 26 , | 315
195	10794 1457| 894 , | 27 2118
196	404 10 1794| 363 , 1619 , 557 , | 13909
196	154076 5871| 28 , | 321
196	154076 5871| 26 , | 151 152 515 154 1561 304
196	404 10 1794| 363 , 1619 , 20153 , | 154076 5871
196	404 10 1794| 363 , 1619 , 4 , | 12757
196	154076 5871| 26 , | 963
196	404 10 1794| 149 , | 18 3505
196	404 10 1794| 363 , 1619 , 132 , | 3389
196	404 10 1794| 363 , 1619 , 26 , | 1508
196	404 10 1794| 363 , 1619 , 132 , | 692
197	18 154077 4282| 10 4470 , 2803 , 216 , 216 , 4259 , 132 , | 18 389 154 10823
197	18 154077 4282| 10 4470 , 2803 , 216 , 216 , 4259 , | 18 5620
197	18 154077 4282| 10 4470 , 2803 , | 408 409
197	18 154077 4282| 10 4470 , 2803 , 149 , | 18 2662 4 151 152 515
197	18 154077 4282| 10 4470 , 2803 , 216 , 149 , | 389
197	18 154077 4282| 10 4470 , 2803 , 216 , 216 , 4259 , | 18 4626
198	45133| 27001 , 1795 , 3219 , 4 , | 20154 488
198	45133| 27001 , 1795 , 3219 3690 , | 18 6193 2397
198	45133| 27001 , | 7 3410 3048
198	45133| 27001 , 1795 , | 1579 10302 1999
198	45133| 27001 , 1795 , 216 3909 , | 18 15713 536 101
198	45133| 27001 , 1795 , 216 3909 , 176 , | 1870
200	3480 12028| | 3992
200	3480 12028| 132 , | 18 949 4 7 30
200	3480 12028| 10 3396 149 1102 13 , | 3791 3792 3033 3034 4 1755
200	3480 12028| | 458
201	324| 757 , 26 , 9329 , 42 , 606 , 331 , | 142 143
201	324| 757 , 26 , 9329 , | 18 7005 12802
201	324| 757 , 26 , 9329 , 3127 , | 7881 15241
201	324| 757 , 26 , 9329 , 42 , 606 , 331 , | 126110 16020 1899
201	1899| 28 , | 15872 15873 26 5414
202	1911 615| 785 , 13 , | 7 154079
202	1911 615| 785 , | 18 357
203	41 470| 1299 , | 2426
203	4125 1721| 2262 , 42 , 216 , | 18 3942
203	4125 1721| 2262 , | 1485
203	4125 1721| 4 , | 3911 41
204	7 22981 15896 2397| 566 , 2027 , | 2572 4089
204	7 22981 15896 2397| 566 , 2027 , | 181
204	7 22981 15896 2397| 566 , 2027 , 6 , | 68
204	7 22981 15896 2397| 243 , | 18 488 154 4392 2692
204	7 22981 15896 2397| 26 , | 151 152
204	7 22981 15896 2397| 243 , | 1427 1658
204	7 22981 15896 2397| 566 , 149 , | 151 6527
205	523 1213| 216 , 845 , 26 , 775 , 325 , | 154082
205	523 1213| 216 , 845 , | 10982 390
205	523 1213| 216 , 845 , 26 , 775 , 49 , | 1597
205	523 1213| 216 , 845 , 26 , 775 , 149 , | 2188 297
205	523 1213| 216 , 845 , 26 , 775 , 26 , | 256 557 4637
206	7 34049 1822| 258 , | 7 3117 4673
206	92022 4921| 49 , | 1870
206	7 72514 116228 44055| 1347 , 42 , 642 , | 18 228 4 154083
206	18 228 4 154083| 49 , | 7218
206	7 72514 116228 44055| 1347 , 26 , | 18 56 4 7 3189
206	7 1757 2610| 258 , | 3189
208	18 1822 4 18 7975 5565| 483 , | 1870
208	18 1822 4 18 7975 5565| 26 , | 18 1145 3764 109
208	3299| | 18 1822 4 18 7975 5565
208	3299| 10 , 292 , 4 , | 34453
208	3299| 10 , 292 , | 18 146 60113
208	3299| 10 , 292 , 6 , | 154085 14336 4 1872
210	2245 113060| 4 , | 5851
211	402 709 154 15733 4 18| 6 , | 3040
211	1786| 10 436 , 13 , | 402 709 154 15733 4 18
211	26328| 1652 , | 18 904 1773
211	26328| 1652 , 1064 , | 7 1238
211	26328| 1652 , 136 , | 18 1761 4840
211	1786| 10 436 149 , | 27483
212	3431| 132 , | 18 11830
212	8523| 2703 , 26 , | 7 5439 7114
213	7 1252 3897 3687| 28 , | 151 152 204
214	7 1608 4 1920| 216 2857 , | 9760 2349
214	404| 1130 , 401 , | 5310
214	404 1062 429| 606 , | 18709 257
216	7 33990 1149| 112 , | 3967 1021 8390 26 2017
216	7 33990 1149| 132 , | 7 933
216	253| 661 , 5552 , | 7 33990 1149
216	253| 661 , 5552 , 26 , | 3967 5474
217	4179| 1719 , 28 , | 88021 1773 7002 26 6686
217	4179| 1719 , 26 , | 7 3353
217	4179| 1719 , | 4748
218	20727| 894 , 28 , | 830
218	20727| 894 , 4 , | 10911 5876
218	20727| 136 , | 4981 4150
219	55682 7584| 10 , | 9498 570
219	55682 7584| 10 , | 253
220	253| 338 , 1125 , | 2426
220	253| 338 , 1125 , 26 , | 4129
220	253| 338 , 1125 , | 402 709
220	465 470 427| 404 10 1655 2 , | 18 2198 333
221	253 1685| 26 , | 1523 187
221	253 1685| 483 , | 5719
222	154090 154091| 13 , 26 , | 151 738
222	154090 154091| 13 , 132 , | 3451 756
222	154090 154091| 13 , | 1331
222	154090 154091| 13 , 482 , | 18 1078
223	253| 10 , 2193 , | 5053
223	253| 10 2193 6 , | 4013
224	404| 433 , 401 , 147 , 4 , | 18 8839 10597 123
224	1464| 26 , | 10603
225	11220| 216 , 10 , 19731 , 149 , 12969 , | 7 2602 3047 5242
225	11220| 216 , 10 , 19731 , 26 , | 5612
225	11220| 216 , 10 , 19731 , 929 , | 22356
225	11220| 216 , 10 , 19731 , 49 , | 18 732
226	253 10 5870| 149 , 121 , 6675 , 42 , | 10325 4 18 297
226	253 10 5870| 149 , 121 , | 18 1726 154 6021
226	253 10 5870| 6 , | 1121 1122 1123 4 1124
227	154093 154094| 10 35 2765 35 , 951 , | 262 42 904
227	154093 154094| 10 35 2765 , | 7 3684
227	154093 154094| | 3238
227	154093 154094| 49 , | 9913
228	598| 4 , 5787 , 35 , | 7 190 9447
228	598| 4 , 5787 , 26 , | 315
228	598| | 1872
228	598| 13 , | 18 4834
228	598| 4 , 5787 , | 808
228	598| 4 , 5787 , | 3789
230	1371 7 297 4 4165| 149 , 53522 444 132 , | 8188 4450
230	3791 3792 38842 91321 4 898| 132 , | 509
230	1371 7 297 4 4165| 26 , | 897
230	3791 3792 38842 91321 4 898| 754 , | 18 13126 4 18 1409
230	3791 3792 38842 91321 4 898| 754 , 7513 , 149 , | 1371 7 297 4 4165
231	18 129 42 2495 278 4 8423| 2 , | 18 2153
232	7 1362| 258 , 4 , 26 , | 10 1516
232	1805| 26 , | 2735 942
232	7 1362| 1670 , | 340 5522 4 523
232	7 1362| 258 , | 727 154 2735 293
233	630 28 154097| 10 2464 , 13 , | 7 6333 7551 7552
233	630 28 154097| 10 2464 , | 11880 900
234	2 10 390 4 18| 1685 , | 4056 154 224 12922 615
235	253 3713| 26 , | 2037
235	404| 5980 , | 253 3713
235	404| 5980 , | 18 14623 347
236	11140 154103 8220 4070 9629| 10 , 176 286 , 49 , 18 , 3950 , 49 , 149 , | 18 1068
236	11140 154103 8220 4070 9629| 10 176 286 4 , | 780 1625
236	11140 154103 8220 4070 9629| 28 , | 77 2865 4 8220 4070
238	3075| | 181
238	8685 1512| | 894 458
239	13520 1133| 149 201 , | 515 4 108764
239	13520 1133| 10 , 6676 , | 7 1742 1608 4 1105
239	13520 1133| 149 , | 4520
240	5271| 11957 , | 18 1164 4 253
240	5271| 11957 , | 1546
240	5271| 11957 , 49 , | 3349
240	10 28 830| 26 , | 5270
241	18 525 4 253| 28 , | 830
241	18 525 4 253| 132 , | 2578
241	10359 3389 40526 1313| 136 , | 1259 222
241	10359 3389 40526 1313| 894 , 132 , | 18 525 4 253
241	10359 3389 40526 1313| 35 , | 5790
241	10359 3389 40526 1313| 4 , | 17145 7473
242	9841 4 18 143| 6 , | 1536 226 4 2268
242	10356 6131| 10 1020 , | 9841 4 18 143
242	3698| 136 , | 18 151 152 2239
243	142 25387 206| 176 , 35 , | 390 4 18
243	142 25387 206| 176 , | 465 8307
243	2037| 443 675 , 13 , | 2675 154108
243	142 25387 206| 49 , | 154107
243	2037| 443 675 , | 253
243	2037| 443 675 136 , | 16550
243	2037| 443 675 , 26 , | 18 1068
244	16133| 49 , | 256
244	142841 1012| 4 , | 154109 64536
245	15920| 2464 , | 4546 17767
245	15920| 2464 , | 20129
245	2404| 643 , | 18 376
245	15920| 2464 , | 4954 1213
245	15920| 2464 , 136 , | 3090
245	15920| 2464 , 557 , | 2773
246	11106 12922 14437| | 7225
246	70645| 2466 , 363 , 363 , 42 , | 11106 12922 14437
246	70645| 2466 , | 977 4077 1086
246	70645| 2466 , | 3684
246	70645| 2466 , 363 , 557 , | 18 154111
246	89420| 4 , | 154112 26 2037
247	7932 3073| 13 , | 377 27172 493
247	18 27336 3073| 26 , | 93202
248	7 968 154 7471 2853| 610 , | 1570
248	7 968 154 7471 2853| 4 , | 16643
248	7 968 154 7471 2853| 610 , | 808
248	7 968 154 7471 2853| 610 , 149 , | 1870
248	7 968 154 7471 2853| 610 , | 256
249	5139| 136 , | 5176
249	5139| 35 , | 18 7554
249	993 1755| | 5139
251	18 465 2196| 2723 , 136 , | 1078 26 18 183 184
251	18 465 2196| 2723 , | 3882 9909
251	18 465 2196| | 18 303 262
251	18 465 2196| 566 , | 7829
251	245 972| 59822 , 42 , 4862 , 149 , | 2703 2735 5604
251	245 972| 59822 , | 253
251	18 465 2196| 26 , | 462
251	245 972| 59822 , | 6508
251	7 1784| 149 , | 512
252	18 34692 6232| | 3217
252	18 34692 6232| 26 , | 23144 23145
252	7 154114 154115| 26 , | 18 34692 6232
252	7 154114 154115| 26 , | 8446 1021
254	1890| 149 , | 2453 93
254	256| 216 , 2624 , | 1890
254	256| 216 , 2624 , | 12092
255	363 93 2| 10 , | 640
255	363 93 2| 10 , | 367
255	640| 338 , 35 , | 977 2526 2353
255	363 93 2| 432 1639 , 10 1539 132 , | 7 980 8897
255	640| 338 , 35 , | 5648
255	363 93 2| 432 1639 , 10 1539 , 6 , | 7 113 2526
255	640| 338 , 136 , | 11703
255	363 93 2| 10 , | 3666 2154
255	363 93 2| 10 , 4 , | 3059 288 2842
256	18 10437 463| 10 1806 , 49 , | 2658 4843
256	18 10437 463| 10 1806 , | 5859 2759
256	18 10437 463| 28 , | 21970 204 26 21968
257	154117| | 3435
257	154117| | 253
257	18 39002 4 7 1764 850 7387 1644| 719 , | 154117
258	18 884 3898| 1076 , 26 , | 27 1965
258	18 884 3898| 1076 , 1524 , | 18 2194
258	18 884 3898| 1076 , | 253
258	465 1036| 35 , | 696 5135 5136
258	465 1036| | 713 4 5137
258	18 884 3898| 1076 , 13 , | 3537
258	18 884 3898| 1076 , | 253
259	6703 24445 4 10080| 1866 , | 18 109 875 4 18 55 9180 3479
259	6703 24445 4 10080| 1866 , 13 , | 1682
260	18 4502| 2348 , 257 , 258 , 1090 286 , | 18 4200 154 2285
261	142 9183 1154 4 18 1631 154| 49 , 18 , 323 , 325 , 156 , | 347 132 7158
262	7 37254 1631| 26 , | 28566
262	7 37254 1631| 28 , | 830
262	7 37254 1631| 10 1551 821 132 , | 1219
262	7 37254 1631| 176 , | 253
262	7 37254 1631| 176 , 5467 , | 13995
262	7 37254 1631| 176 , 5467 , 28 , | 7 3666 3479
262	7 37254 1631| 6 , | 7 570 423
264	18 146 4 7| 27107 , | 18 18954 1356
264	615 4 18| 4 , | 4245
264	18 146 4 7| 27107 , 4 , | 18 27303 20370
264	7 2279 1781| 427 , | 615 4 18
265	245 15049| 149 , | 1781 444
266	253 1551 533| 2452 , 6 , | 333
266	343 709 795| 1413 , 252 , | 253 1551 533
266	253 1551 533| 2452 , 26 , | 1217 15583
266	7 1382 470| 4 , | 18 4283 6626
266	7 1382 470| 4 , | 15128
266	7 1382 470| 136 , | 8014
266	343 709 795| 1413 , 136 , | 7 464
267	154120| 1806 , 363 , | 17235
269	154123 2015 154124| 1615 , 49 , | 154125 117473 154126 26 315
270	8661 1644| 13 , | 6757 10666
270	3047| 26 , | 2037
270	8661 1644| 42 , | 26616 39552
270	3047| 26 , | 2037
271	6459 2770 26 1111| 934 , 6722 , 26 , | 6612
271	6459 2770 26 1111| 934 , | 7 6692 522
271	6459 2770 26 1111| 26 , | 24077 388
272	2279 2280 3796| 2464 , | 7 540 4 10912 3589
272	2 176 404| 136 , | 100760
272	2279 2280 3796| 45 , 12540 , 149 , | 2017
273	12136 74344| 792 , | 18 5852 469
273	3885 1078| 1399 , 1 , | 338 216
274	18 9895| 694 , 1399 , | 468
274	18 9895| 694 , 1399 , 149 , | 18 40249 1151
274	18 9895| 694 , 1399 , 132 , | 2591
274	18 9895| 694 , 1399 , | 245 2190
274	18 9895| 694 , 1399 , | 5206 2551
274	18 9895| 694 , 1399 , | 7 5977
274	18 9895| 694 , 1399 , 4 , | 85796 1968
275	18 1522| 216 , 10 792 6 , | 18 1595 1086
275	18 1522| 216 10 792 , 26 , | 338 1133
276	527| 26 , 2289 , 6 , | 18 2215
276	527| 26 , 2289 , 49 , | 7 1078
276	7 7784 334| 1020 , | 1291 38228
276	527| 26 , 2289 , 26 , | 1752 335
276	7 7784 334| 792 , | 808
276	527| 26 , 2289 , | 831 135
277	7 145 13621| 26 , | 705 154 3831 1721
278	45 10 3713| 660 , 26 , | 7 6009
278	570 423| 243 , 4 , | 154131 154132
278	45 10 3713| 660 , | 225
278	570 423| 243 , | 18 6620
282	7 18110 6144 367| 951 , | 18 261 4 37133
282	18 342 216| 3939 , 3216 , 42 , 2860 , | 35430 154069
283	31196 3232| 10102 , 35 , | 7 2674 1595 4222
283	31196 3232| 10102 , | 253
283	1134 4688| 64688 , | 977 4532
283	1134 4688| 64688 , | 58518
283	1134 4688| 64688 , 6 , 610 , | 31196 3232
283	31196 3232| 10102 , 132 , | 7 1903 4 8419 885
284	3210| 26 , | 619
284	3210| 1434 , | 181
284	3210| 1434 , 149 , | 4343 20255
285	808| 10 4859 , | 18 217
285	808| 10 4859 , | 2390 149 18
286	727 660 735| 1774 , | 122 5506 4 4294
286	253 281| 1387 , 1774 , 483 , | 727 660 735
287	3698 4 18| 4 , | 430 4708 846
287	3698 4 18| 4 , | 1232 154134
287	3698 4 18| 26 , | 32684
288	2017 515| 323 , 338 , 586 , 11286 , | 154136 5936 228 3941
288	2017 515| 323 , 338 , 586 , 11286 , | 2578 136 2017 14269 154135
288	11703| 216 , 10 , 16084 286 , | 2017 515
288	2017 515| 26 , | 658
288	2017 515| 557 , | 6226
288	2017 515| 323 , 338 , 586 , 11286 , 132 , | 18 581
289	7 34587| 136 , | 154139
289	7 34587| 26 , | 315
289	7 423 4 7 5334 10861 570| 3656 , 49 , | 108
289	7 423 4 7 5334 10861 570| 3656 , 149 , | 1872
289	8198 154137| 149 , | 7 34587
289	7 34587| 4 , | 11424
290	45 10 694| 149 , | 18 1619
291	7 17274 16352| 10 , 776 , 4 , | 7416 228 2661
291	7 17274 16352| 10 , 776 , 35 , | 7 6428
292	18 27527 4 712| 216 , 694 , 11291 , | 7 113 4288 1017
292	598| | 9293
293	427 338 555| 814 , | 18 855 4 62
293	427 338 555| | 18 4365
293	18 2414 1086| 4 , | 427 338 555
294	3992 42 1050| 10 , 7776 , 216 , 1886 , 401 , | 338 376
294	3992 42 1050| 10 , 7776 , 258 , | 484 8784
295	18 2239| | 18 1741 66658
295	18 2239| 6 , | 454 1512 4563
295	18 2239| 4 , | 18 1519 826 143
295	18 2239| | 18 998 104028
297	18 4801| 1619 , | 245 138111
297	18 4801| 1619 , | 1121 8551 30774 4 1682
298	6013| 434 , 132 , | 92717 154143
298	6013| 434 , 35 , | 7 1069 2168
298	7 254 4132| 26 , | 154142
299	1755 2652| 4 , 4836 , 6 , 2183 , 26 , | 18 904 1773
299	1755 2652| 4 , 4836 , 6 , 2183 , | 779
299	1755 2652| 4 , 4836 , 26 , | 18 1363 4 1772
299	1755 2652| 4 , 4836 , | 3040
299	1755 2652| 13 , | 18 3352
299	1755 2652| 26 , | 18 904 1773
299	18 973| 1062 , 856 , 1685 , | 7 1792
299	18 973| 1062 , 856 , 1685 , 432 , | 1755 2652
299	1755 2652| | 701 17822
299	1755 2652| 149 , | 245 1763
300	15874 22303| 10 6832 , 23049 , | 26381
300	808| 3590 , 112 , | 18 3520
300	808| 3590 , | 7 9058
300	7 1162 423 4 18| 144 , | 7 4136 4618
300	15874 22303| 10 6832 , 26 , | 3102
300	15874 22303| 10 6832 149 , | 7 4151
300	15874 22303| 10 6832 , | 808
301	216 7 1744| | 18 18481
301	216 7 1744| 854 286 , 132 , | 34075 2234 26 365
301	216 7 1744| 854 286 , 35 , | 7 7843 1722
302	150471| 216 , | 1872
302	18 343 222| 176 , | 7 2765 15413 2396
302	150471| 216 , 26 , | 2037
302	13779| 26 , | 2746 42 108
302	150471| 216 , | 3666 123 1883
303	7 968 154 7471 2853| 610 , | 1570
303	7 968 154 7471 2853| 4 , | 16643
303	7 968 154 7471 2853| 610 , | 808
303	7 968 154 7471 2853| 610 , 149 , | 1870
303	7 968 154 7471 2853| 610 , | 256
306	3102| 571 , 26 , | 6414
306	3102| 571 , | 20433
306	3102| 571 , 149 , | 1561
306	3102| 694 1109 26 , | 2716
306	3102| | 1870
306	3102| | 2037
306	3102| | 1872
307	1593| 149 , 9620 , 42 , 499 , | 404
307	1593| 149 , 9620 , 42 , 499 , | 1579 45
307	1593| 149 , 9620 , | 462
307	135| | 5214 2153
307	5214 2153| 13 , | 874 4 462 154 2384
307	5214 2153| 132 , | 1593
307	1593| 149 , 9620 , | 18 2487
308	245 4227| 1434 , 42 , 347 , 136 , | 154146 26 1111
308	245 4227| 1434 , 42 347 35 , | 7 43 2779
308	245 4227| 1434 , 814 , | 18 1614 431
310	181| 597 3123 8591 132 , | 2578 374
310	181| 597 3123 8591 28 , | 830
310	11361| 4 , | 3212 9244
311	18 1188 1911 615| 4 , | 370 8814
311	18 2495 2550 358| 4746 , | 2503
312	26201 1457 154149| 2990 , | 18 470 10772
312	26201 1457 154149| 28 , | 18 1513 16358 4148
312	26201 1457 154149| 136 , | 2518 3090 282
314	404| 10 , 7991 , 42 , | 1755 1399
314	404| 10 , 7991 , 26 , | 1786
315	253 3713| 26 , | 2037
315	404| 5980 , | 253 3713
315	404| 5980 , | 18 14623 347
316	3102| 571 , 26 , | 6414
316	3102| 571 , | 20433
316	3102| 571 , 149 , | 1561
316	3102| 694 1109 26 , | 2716
316	3102| | 1870
316	3102| | 2037
316	3102| | 1872
317	1664| 26 , | 1523 727
317	1664 972| 216 10 601 , | 1664
317	1664| 149 , | 727
317	1664| | 1395 10 2464
317	1395 10 2464| 28 , | 8565
319	18705| 132 , | 3075 2019
320	362 18 469| 216 15364 , | 253 125
320	362 18 469| 216 15364 , | 874 1225 4860
320	245 31132| 1109 , | 1050
320	245 31132| 1109 , 26 , | 1077
321	253 869| 93 , 4 , | 217
321	253 869| 149 , | 6177 4371 226
322	45 10 1555| 6 , 13 , | 7 14702 31104
322	4894 1207| 149 , 216 , | 2211 6131
322	18 1045 1046 4 3737| 671 , | 4894 1207
323	22939 460| 42 815 28 , | 831 7084 132 408 409
323	22939 460| 42 815 13 , | 7 6285
323	553 554| 854 286 , 136 , | 10920
323	553 554| 854 286 , 643 , | 18 3164
324	18 932 5525| 26 , | 154154
325	3101| 5552 , 26 , | 38260 1145 3764 26 1870
325	253 606| 28 , | 5049
325	253 606| 136 , | 18 3101
326	18 8744 4 18 8277 4260| 1465 , | 7 27770 1148
326	5790 11489| 35 , | 4052 1241 4682 21577
326	245 86507| 10 406 , 871 , | 18 8744 4 18 8277 4260
327	1151 1152| 1555 , 2 , 775 , 1387 , 216 405 , 28 , | 18 1130 4 18 6770 946
327	1151 1152| 1555 , | 9032
328	89923| 136 , | 667 143
328	89923| | 4546 217
329	18 900 4 7 5525 516| 26 , | 5657
329	18 900 4 7 5525 516| 13 , | 17872
329	18 224 39597 282| 26 , | 14541
330	18 109 154155| 2439 , 7 , 6883 , 6 , | 245 972
330	18 109 154155| 2439 , 7 , 6883 , 13 , | 7 4153
330	18 109 154155| 2439 , 7 , 6883 , | 1690 9258
331	1050 42 727| 13 , | 18 1085
334	973| 23601 , 401 , | 1400 21832
334	973| 23601 , 13 , | 1121 10961 12990 4 4445
336	2442 2443 427| 292 , 149 , | 3711 26 2578
336	2442 2443 427| 292 , 679 , | 7 201
336	2442 2443 427| 292 , | 245 4730
336	2442 2443 427| 292 , 6 , | 245 46941
336	8039| 26 , | 2426
336	8039| 549 , | 18 3055 544
336	598| 10 , 1061 , 2 , 26 , 549 , | 2442 2443 427
336	2442 2443 427| 292 , 149 , | 7 971
337	509 2 1395| 285 1411 , 132 , | 3233 4 5439 3126
337	509 2 1395| 285 1411 , 13 , | 735
337	509 2 1395| 285 1411 , | 154156 3103
337	1664 2987 1283 2988| 427 , | 509 2 1395
338	775 484 8784| 10 1980 , 887 , 26 , | 10 1794
338	775 484 8784| 10 1980 , 887 , 347 , 26 , | 16630 322
338	6220| 1652 , | 16630
338	775 484 8784| 10 1980 , | 16630
338	6220| 1652 , 26 , | 1050
338	6220| 1652 , | 18 1072
339	253 472| 1318 , | 8210
339	2352 2 253| | 253 216 436
339	253| 243 , | 2017
339	253 472| 1318 , 42 , | 423 4 18 421
339	253| 28 , | 7414 20708 1438 4 3360
339	18 5314 2635| 325 , | 2352 149 216
339	7 1420 3359 1098| 2 , | 10 7 4115
339	253| 243 , | 4546 217
339	7 4546 2313 49 18| 28 , | 32284 7872
339	253| 243 , 26 , | 13643
340	11814 4743 28 9188 31740| 26 , | 31741 1963
340	142 7838 4 67169| 10 6653 , | 21440 141900
340	142 7838 4 67169| 10 6653 28 , | 11814 4743
341	18 1428| 10 719 132 , | 848 154 904 905
341	18 1428| 10 , 719 , 149 , | 7 8791 1359 191
342	253 1299| 149 , 4 , | 3502 5039
342	253 1299| 149 , | 253
342	830| 26 , | 12782
343	1743| 1795 , | 5758 267
343	1743| 28 , | 18 1576
343	1743| 1481 , | 32282 333
343	1743| 4 , | 39983 30996
344	7 22153 1087 4 18 973 154| 45 , 216 , | 785 136 18 5730
344	18 8616 3898| 136 , | 2 37
345	7 6002 7179| 253 144 , 37241 , 252 , | 253 10 91
345	45 420 286| 26 , | 1523 1872
345	45 420 286| 4 , | 154160
345	45 420 286| 26 , | 18 5156 836
346	1410 7 4524| 149 , | 610 1673 4 10916
346	55460 2277 11576| 26 , | 18 10862
348	154162| 42 , 2464 , | 15576
348	6820| 285 , | 2712 11347
348	6820| 285 , 26 , | 256
348	6820| 285 , 149 , | 1762
348	154162| 26 , | 18 297 4 16636
349	1121 1122 1123 4 1124| 4 , | 1690 7665
349	1121 1122 1123 4 1124| | 18 701 16719
350	14249| 10 756 , | 1872
350	14249| 10 756 26 , | 23530
351	430| 10 , 2723 , 136 , | 7422
351	430| 10 , 2723 , | 7 145 4558
352	22307 154164 4 3737| 10 , 1326 , 42 , 3939 216 , | 17862
352	22307 154164 4 3737| 10 , 1326 , 42 , 3939 216 , 26 , | 18 154165 30636 7908
352	22307 154164 4 3737| 10 , 1326 , 26 , | 717
353	129 4 18 3963 4545| 149 , | 245 3820
354	18 146 10720| 136 , | 21196
354	3656 149 18 183 184| 808 144 , | 18 146 10720
355	6299| | 18 391
355	6299| 401 , | 7 154166 26496 4 284
355	6299| 42 , 9220 , 149 , | 829 338
355	2892 172 26 18035| 10 3912 , 13 , | 55960 2462
356	18 4893| 728 , 132 , 28 , | 1595 4326
357	35915 49446| 258 , | 18 1834
357	35915 49446| 136 , | 15800 8415 1055 4187
358	18 112254 508| 10 , 10 2908 , 894 , | 256
358	18 112254 508| 10 , 10 2908 , 894 , 28 , | 1180
358	18 112254 508| 10 , 10 2908 , 894 , 4 , | 18419 30652 512
359	253| 10 , | 533
360	404| 2876 , | 727 154 272 2175
361	253| 1802 , 42 , 10 , 1262 , 26 , 2360 , 11256 , 13 , | 48611 7442
361	253| 1802 , 42 , 10 , 1262 , 26 , 2360 , 11256 , | 18 2338
361	253| 1802 , 42 , 10 , 1262 , 26 , 2360 , 4 , | 18 6970 946 154 124
361	253| 1802 , 42 , 10 , 1262 , 26 , 2360 , 13 , | 154169
361	253| 1802 , 42 , 10 , 1262 , 26 , 2360 , 26554 , 4 , | 10000 2179 7442
361	253| 1802 , | 874 4633 19252 4497
361	253| 1802 , 1306 , 6 , | 18 946 4 6970
361	253| 1802 , 42 , 10 , 1262 , 26 , 2360 , | 10000 2179 7442 4 3844
361	253| 1802 , 42 , 10 , 1262 , 26 , 2360 , 26554 , | 41761 49220
362	253 1688| 49 , | 306 204 26 5803
363	1461| | 18 154170 3189
363	7 1098 4 5267| 28 , | 1111 1438
363	18 982 4 10577 8986| 10 , | 7 1098 4 5267
364	3033 3034| 427 , 231 , | 18 1796
364	30551 641| 483 , | 6447
365	696 697 160 4325 1514 4 3157| 216 1410 , | 17932
365	1510| 4 , | 106
366	404| 1383 , 136 , | 18 1772
366	7 464| 3396 , 136 , | 509
366	7 464| 216 , 10 4162 , 401 , 14 , 1114 , 149 , | 18 885 4 18 2551
366	7 464| 3396 , 951 , | 1045 1046 4 1755
366	1755| 285 , 1652 401 , | 3234 3415
367	245 47154| 1688 , 237 , 675 , 35 , | 7 59797 4527 1154 11117
367	245 47154| 1688 , 237 , 6 , | 7 995 1443
367	245 47154| 1688 , | 18 60759 1154
367	245 47154| 1688 , | 253
367	245 47154| 1688 , 4 , | 26171
367	245 47154| 1688 , 35 , | 6445 59797
368	253| 2860 , 26 , | 18 13971
368	11507| 26 , | 1561 304
369	7 10433 1595 1087 4 18 973 154| 337 , 401 , | 18 960
369	7 10433 1595 1087 4 18 973 154| 337 , 132 , | 5909 33730
369	7 10433 1595 1087 4 18 973 154| 337 , | 7 5676 6018
369	7 10433 1595 1087 4 18 973 154| | 121 11743
369	7 10433 1595 1087 4 18 973 154| 26 , 6624 , | 7 4767
369	7 10433 1595 1087 4 18 973 154| 26 , 6624 , 2648 , | 1664 972 154 15791
369	7 10433 1595 1087 4 18 973 154| 26 , 6624 , 2648 , 4 , | 466 26 462
371	36607| 3048 , | 18 4728 4 775 4222
371	18 1674 154 9307| 149 , 57132 , | 36607
375	1555| 4 , 1688 , 42 , | 4144
375	1555| 4 , 1688 , 42 , | 623
375	253 10 429| 26 , | 1555
376	3040| 1399 , | 1789 1217
377	1214 470| 10 5151 , 35 , | 7 1866
377	1214 470| 10 5151 , 13 , | 727
377	1214 470| 10 5151 , 132 , | 18 1257
377	1214 470| 10 5151 , | 3316 1685
378	449 2117 7891| 216 , 192 , | 7 490 3100
378	449 2117 7891| 49 , | 6680
378	449 2117 7891| 26 , | 705
379	10 28 18 1382 4 7 3150 3966| 598 189 , | 46 419
379	10 28 18 1382 4 7 3150 3966| 26 , | 18 525
380	22280 104| 216 , 93 , 42 , 427 , 10 , | 1581 149 405
380	22280 104| 216 93 4 , | 76666 1743
380	22280 104| 216 , | 93 4 18 1920 154 268
381	17127 42 8829 154 1180| 26 , | 1111
381	7 1267 4115| 26 , | 3095 2540
382	18 1676| 49 , | 727 42 742 349
383	14 338 2348| 35 , | 7 123173
383	2468| 216 , 11562 26 , 483 , | 14 338 2348
383	2468| 557 , | 1500 47330 4 2572 4089
384	18 145 2495| 285 499 , 13 , | 58947 2412
384	18 145 2495| 285 499 , | 12792
384	245 98178| 347 , 814 , | 12792
385	7 3537| 136 , | 18 151 152 2239
385	3672| 323 1109 26 , | 3014
385	3672| 26 , | 18 1737
385	3672| 2936 , | 18 4801
385	3672| 2936 , 26 , | 18 194
385	3672| 2936 , | 12800
386	7 1069 154176 460| 610 , | 2426
386	7 1069 154176 460| 26 , | 3075
386	7 1069 154176 460| 610 , | 245 106099
386	7 1069 154176 460| 610 , 149 , | 18 465 10875 756
386	7 1069 154176 460| 610 , 26 , | 153976 388
387	7 465 2337| 1551 , 132 , | 2581
387	7 465 2337| 1551 , | 253
387	1345 3039| 216 10 1167 , 325 93 , 45 , | 270 149 3954
387	1345 3039| 216 10 1167 , 325 93 , 45 , | 7 465 2337
388	2 1755 216| 2464 , 1422 , | 18 904 1773
388	2 1755 216| 2464 , 26 , | 18 1020 4 2456
388	18 1382 4 1761 367| 10 , | 2 1755 216
388	18 1382 4 1761 367| 10 , 1922 , | 18 44490 1081 1793
389	2015| | 1872
389	2015| 49 , | 2436
389	2015| | 449 1096
389	2015| | 1870
389	154177| 10355 , 6 , | 8119 3142
389	2015| | 2037
389	154177| 10355 , | 49893
389	154177| 10355 , | 2015
389	2015| | 18 650
389	154177| 10355 , | 130337 18735
390	18 1091 3354| 10 , 532 , 671 , | 7 21410 27671
390	18 1091 3354| 951 , | 6320 44945 4 3737
391	45 216 816| 2269 , | 18 972 973 154 3234 3590
391	7639| 2990 , | 18 5138 4 696 17024 10631
391	45 216 816| 2269 , 42 , 2740 , 4 , | 18 6488 4 12936 298 5903
391	7639| 4 , | 37323
392	7 11533| 405 , | 142 232
392	10 18 7629| 13 , | 1150 154182
392	11628 1282 17847| 28 , | 10 18 7629
394	18 6970 946| 1550 49 , | 2442 154185 154 6846
394	18 6970 946| 149 , | 885
395	7 23277 2605| 4 , | 12787 147379
